2215338531151182997276243965065522514190247674553811942190946030173209230351
5217984197168966461576865353015567761629607981429081178519583306084941850805
16834990251706844646759019708813363710810183547292596296141001406129498851847
4117756952740588734365598975174298907497788623392402239413496435872704184685
1522972960362158481137032235660558547034029903934408908659033337195226988636
6084456453020907525238141461283427486820223189758097937704947844203849161016
2425210954767217507023958232693962584924297802100795251754636774063705089388
14779337649240264016352898720879192671668552006918873296126111926393850014783
6356904248737959930232275302953564720552908292065340709288011374067795917721
21159988506332597956108202024154660150840649010666948344456324902505076084640
20812041640677854311650573674994458801870352840784931623606359845992175062307
17309129533710020423031216840775624653047281921583176828991997142355678034298
3211890183111002819474479341333369579145276758542399279046416809342811334247
21876426652080741677163935604622875136334751747234022679808140146827090216026
6168647654454294287166640204367300732938571018662639367416398878299367764235
12959587162922013696601151465786280780085804653942797185337323992935027610913
3405436979441534188886983356440146729667069303298870749216385622571335963080
89900129219227040441707044245981090524401757009570250025329692117367864109
18754432280146371207151641369618798730505491603415233799189832890579761747676
4199252065590905630146341877132480016932257908329793715187051786896082592327
3352262959597678390996177440063326789454427080761265214621173729192927889705
7260576297491433408031638410410794733947744969994789966192416371266639677456
20311503856030413989876426827346631048245600754495040525023743650324413107974
20844491657477274984049555662673087608877592134639348274840796089469935341245
1537374827055529247759254215104350503479650193023384368273284919587073794009
19107703476045979211313068724862067081077502651777693085567503517468510021736
21219359095217837512203354774879364723338750629625839621749144866093273268655
21275931535316971896820952623681433519539977117300315214984428440330473936473
624608131877026598375511476460141178540725344224715045707154808405653549624
6392053926384568763440636635005029803746298280558947015759700189592830833067
12941966729654286904180747763002900412666613102219350994202887736536423473437
7327427595072007541559618677420657152888240187946574188335896660321670972194